14607 NST
14625 NST
14653 NST
14592 01.07 0224
14592 02.07 0121
14592 03.07 0203
14592 04.07 0198
14592 05.07 0230
14592 06.07 0187
14592 07.07 0243
14668 01.02 0031
14668 02.02 0035
14716 NST
14755 NST
14737 MAX
14776 MAX
14790 NST
14686 NAV
14704 01.04 0037
14803 NST
14704 02.04 0015
14704 03.04 0159
14704 04.04 0012
14642 01.10 0223
14642 02.10 0156
14642 03.10 0157
14642 04.10 0213
14642 05.10 0181
14642 06.10 0019
14642 07.10 0020
14642 08.10 0253
14642 09.10 0167
14642 10.10 0040
14844 01.02 0102
14844 02.02 0045
14873 NST
14861 01.03 0272
14861 02.03 0132
14861 03.03 0188
14897 IID
14835 01.09 0260
14887 IID
14821 01.08 0222
14821 02.08 0288
14835 02.09 0058
14821 03.08 0098
14821 04.08 0268
14821 05.08 0185
14821 06.08 0048
14821 07.08 0234
14821 08.08 0013
14835 03.09 0193
14835 04.09 0101
14835 05.09 0114
14835 06.09 0066
14835 07.09 0099
14835 08.09 0033
14835 09.09 0089
14925 MAX
14904 01.01 0153
14967 MAX
14947 01.04 0016
14935 01.03 0281
14947 02.04 0119
14935 02.03 0280
14947 03.04 0299
14935 03.03 0137
14947 04.04 0196
15008 NST
15020 NST
15002 NAV
15054 NAV
15102 01.01 0068
15085 MAX
15115 IID
15148 IID
15064 01.06 0184
15064 02.06 0251
15064 03.06 0293
15064 04.06 0144
15064 05.06 0246
15064 06.06 0095
15163 NST
14983 NAV
15037 01.06 0266
15037 02.06 0115
15037 03.06 0229
15037 04.06 0093
15037 05.06 0120
15037 06.06 0136
15183 MAX
15200 IID
15211 NST
15248 MAX
15131 01.07 0069
15131 02.07 0285
15131 03.07 0081
15131 04.07 0189
15131 05.07 0256
15131 06.07 0169
15131 07.07 0186
15336 NST
15320 MAX
15228 NAV
15302 NAV
15263 01.06 0054
15291 01.05 0124
15263 02.06 0129
15263 03.06 0206
15263 04.06 0283
15291 02.05 0065
15263 05.06 0190
15263 06.06 0237
15291 03.05 0042
15291 04.05 0122
15291 05.05 0220
15277 NAV
