01-OPEN
02-OPEN
03-OPEN
04-OPEN
05-OPEN
06-OPEN
07-OPEN
08-OPEN
10-OPEN
09-OPEN
11-OPEN
12-OPEN
13-OPEN
14-OPEN
15-OPEN
02-14607-00: 0225 0151 0305 0202 0068 0001 0255 0097 0154 0111 0199                     - NST
03-14625-15: 0268 0236 0181 0213 0191 0281 0118 0058 0261 0054 0100 0271 0051 0228      - NST
05-14653-08: 0264 0255 0290 0048 0249 0165 0267                                         - NST
01-14592-07: 0224 0121 0203 0198 0230 0187 0243 0184                                    - 0224 0121 0203 0198 0230 0187 0243
04-14668-02: 0031 0035 0147 0160 0150 0192 0257 0240 0095 0040 0019                     - 0031 0035
07-14716-09: 0006 0139 0122 0258 0042 0181 0208 0219                                    - NST
10-14755-15: 0083 0121 0260 0043 0074 0146 0008 0199 0303 0238 0065 0054 0065 0201      - NST
11-14737-16: 0148 0240 0093 0211 0103 0027 0257 0156 0079 0232 0178 0197 0039 0260 0189 0017 0032 - MAX
06-14704-04: 0037 0015 0159 0012 0157 0190 0012 0040 0286 0277 0013 0075 0091 0231      - 0037 0015 0159 0012
13-14790-12: 0055 0289 0034 0047 0258 0175 0066 0007 0062 0244                          - NST
14-14776-15: 0220 0085 0134 0107 0145 0242 0303 0007 0187 0052 0093 0171 0257 0081 0028 0064 0205 - MAX
12-14803-10: 0294 0073 0296 0295 0194 0300 0291 0072 0196                               - NST
09-14686-14: 0097 0025 0171 0097 0028 0175 0012 0152 0300 0300 0227 0152 0120 0133      - NAV
08-14642-10: 0223 0156 0224 0157 0223 0213 0181 0019 0121 0020 0253 0167 0040           - 0223 0156 0157 0213 0181 0019 0020 0253 0167 0040
02-14844-02: 0102 0045 0101 0153 0013                                                   - 0102 0045
05-14873-10: 0108 0198 0234 0192 0115 0072 0250 0293                                    - NST
01-14861-03: 0272 0132 0188 0020 0188 0088 0247 0133 0131 0246 0015 0175 0174           - 0272 0132 0188
15-14821-08: 0222 0198 0288 0098 0268 0185 0048 0234 0013 0293 0297 0202 0107 0156      - 0222 0288 0098 0268 0185 0048 0234 0013
04-14897-04: 0086 0302 0026 0279 0057 0293                                              - IID
10-14887-01: 0281 0145 0304 0285 0068 0028 0247 0153 0200 0230                          - IID
03-14835-09: 0260 0058 0193 0101 0114 0066 0099 0033 0089 0065                          - 0260 0058 0193 0101 0114 0066 0099 0033 0089
15-14904-01: 0153 0285 0184                                                             - 0153
13-14925-08: 0230 0146 0098 0035 0291 0294 0142 0243 0031 0229 0249 0080 0244 0243 0158 0277 0003 - MAX
12-14967-09: 0141 0050 0126 0186 0287 0239 0020 0298 0051 0251 0050 0289 0156 0027 0171 0172 - MAX
06-14935-03: 0281 0280 0137 0163 0120 0125                                              - 0281 0280 0137
11-14947-04: 0016 0119 0299 0196 0168 0050 0244 0039                                    - 0016 0119 0299 0196
08-15008-00: 0137 0104                                                                  - NST
08-15020-00: 0006 0261 0006 0114 0088 0300 0247 0058                                    - NST
09-15002-15: 0185 0104 0206 0226 0012 0259 0037 0091 0056 0045 0153 0182 0043 0224 0208 - NAV
01-15054-13: 0263 0223 0210 0128 0051 0233 0294 0068 0070 0299 0287 0021 0287           - NAV
10-15115-03: 0004 0154 0005 0063 0110 0305 0150 0230 0269                               - IID
03-15085-14: 0168 0244 0001 0053 0102 0278 0147 0142 0244 0099 0125 0258 0229 0047 0172 0221 0139 - MAX
04-15102-01: 0068 0153 0039 0182 0270 0240 0169 0272 0065 0024 0253 0210 0035           - 0068
13-15148-10: 0026 0138 0069 0280 0021 0094 0000 0113 0242 0233 0218 0177 0188           - IID
07-15064-06: 0184 0251 0293 0144 0246 0095                                              - 0184 0251 0293 0144 0246 0095
05-15037-06: 0121 0266 0132 0254 0115 0192 0229 0093 0193 0120 0136 0071 0116           - 0266 0115 0229 0093 0120 0136
12-15163-14: 0118 0006 0040 0064 0102 0298 0019 0117 0170 0239 0205                     - NST
06-15183-03: 0199 0110 0090 0278 0181 0198 0151 0209 0060 0165 0183 0194 0131 0091 0234 0088 - MAX
14-14983-12: 0287 0214 0082 0254 0060 0047 0264 0133 0125 0192 0061 0230                - NAV
11-15211-08: 0228 0044 0013 0269 0095 0208 0046                                         - NST
02-15200-11: 0076 0013 0196 0155 0145 0284 0048 0206 0302 0202 0081 0174 0035           - IID
10-15248-09: 0218 0046 0070 0096 0213 0101 0072 0020 0183 0072 0160 0201 0095 0239 0048 0304 - MAX
15-15131-07: 0069 0045 0015 0285 0136 0081 0095 0189 0256 0169 0186 0082                - 0069 0285 0081 0189 0256 0169 0186
13-15336-15: 0214 0112 0091 0276 0230 0024 0001 0271 0171 0099 0101 0230                - NST
04-15320-16: 0272 0209 0132 0090 0157 0072 0240 0269 0123 0156 0048 0084 0260 0033      - MAX
01-15228-13: 0202 0176 0234 0025 0085 0006 0238 0292 0240 0071 0133 0213 0004           - NAV
07-15302-07: 0077 0159 0021 0142 0252 0207 0141                                         - NAV
09-15291-05: 0124 0065 0042 0194 0120 0013 0203 0015 0122 0220                          - 0124 0065 0042 0122 0220
03-15263-06: 0167 0054 0129 0206 0283 0246 0190 0237 0063 0001 0293                     - 0054 0129 0206 0283 0190 0237
08-15277-10: 0076 0194 0228 0250 0142 0069 0170 0275 0160 0253                          - NAV
05-CLOSED
12-CLOSED
06-CLOSED
14-CLOSED
11-CLOSED
02-CLOSED
10-CLOSED
15-CLOSED
13-CLOSED
04-CLOSED
01-CLOSED
07-CLOSED
08-CLOSED
09-CLOSED
03-CLOSED
